_G.Authenicated = false
    local ui = game.CoreGui:FindFirstChild("RaitoLib")
        function Script()
        do
        local keyui = game.CoreGui:FindFirstChild("ScreenGui")
            if keyui then
            keyui:Destroy()
            end
        end
        if _G.Authenicated ~= string.reverse(game.Players.LocalPlayer.UserId)then while true do end end
        loadstring(game:HttpGetAsync("https://raw.githubusercontent.com/SaltyHB/Poggers/main/LoadVariables"))()
        loadstring(game:HttpGet("https://raw.githubusercontent.com/ahmadsgamer2/ahmadsgamer2/main/Hook"))()
    if _G.Version == "Chest Farm" then
-- SELECT TEAM
if _G.Team == nil then
	_G.Team = "Marines"
end
local function SelectTeam()
    local ChooseTeam = game:GetService("Players").LocalPlayer.PlayerGui:FindFirstChild("ChooseTeam", true)
    local UIController = game:GetService("Players").LocalPlayer.PlayerGui:FindFirstChild("UIController", true)

    if UIController and ChooseTeam then
        for i, v in pairs(getgc()) do
            if type(v) == "function" and getfenv(v).script == UIController then
                local constant = getconstants(v)
                if constant[1] == _G.Team and #constant == 1 then
                    v(_G.Team)
                end
            end
        end
    end
end
repeat
    task.wait()
    if not game.Players.LocalPlayer.PlayerGui.Main:FindFirstChild("ChooseTeam") then
        break
    end

    local success, errorMessage = pcall(SelectTeam)
    if not success then
        warn("Select Team Function Error: " .. errorMessage)
    end

    wait(1)
until game.Players.LocalPlayer.Team ~= nil and game:IsLoaded()
-- SELECT TEAM
local ChestFarm = Instance.new("ScreenGui")
local Frame = Instance.new("Frame")
local UICorner = Instance.new("UICorner")
local Head = Instance.new("TextLabel")
local Status = Instance.new("TextLabel")
local Frame_2 = Instance.new("Frame")
local Frame_3 = Instance.new("Frame")
local Discord = Instance.new("TextLabel")
local UserImage = Instance.new("ImageLabel")
local UICorner_2 = Instance.new("UICorner")
local Username = Instance.new("TextLabel")
local Time = Instance.new("TextLabel")
local Ping = Instance.new("TextLabel")
local NextWebhook = Instance.new("TextLabel")
local BELI = Instance.new("TextLabel")
local TextStatus = Instance.new("TextLabel")

ChestFarm.Name = "ChestFarm"
ChestFarm.Parent = game.Players.LocalPlayer:WaitForChild("PlayerGui")
ChestFarm.ZIndexBehavior = Enum.ZIndexBehavior.Sibling

Frame.Parent = ChestFarm
Frame.AnchorPoint = Vector2.new(0.5, 0.5)
Frame.BackgroundColor3 = Color3.fromRGB(15, 15, 15)
Frame.Position = UDim2.new(0.513698637, 0, 0.521197021, 0)
Frame.Size = UDim2.new(0, 450, 0, 227)
local FrameCorner = Instance.new("UICorner")
FrameCorner.CornerRadius = UDim.new(0, 8)
FrameCorner.Name = "UserImageCorner"
FrameCorner.Parent = Frame
local FrameStroke = Instance.new("UIStroke")
FrameStroke.Name = "UIStroke"
FrameStroke.Parent = Frame
FrameStroke.ApplyStrokeMode = Enum.ApplyStrokeMode.Border
FrameStroke.Color = Color3.fromRGB(225,225,225)
FrameStroke.LineJoinMode = Enum.LineJoinMode.Round
FrameStroke.Thickness = 0.7
FrameStroke.Transparency = 0.5
FrameStroke.Enabled = true
FrameStroke.Archivable = true

UICorner.Parent = Frame

Head.Name = "Head"
Head.Parent = Frame
Head.BackgroundColor3 = Color3.fromRGB(162, 210, 255)
Head.BackgroundTransparency = 1.000
Head.Position = UDim2.new(0.27704373, 0, 0.0264317188, 0)
Head.Size = UDim2.new(0, 200, 0, 37)
Head.Font = Enum.Font.Gotham
Head.Text = "Raito Hub Chest Farm"
Head.TextColor3 = Color3.fromRGB(214, 214, 214)
Head.TextSize = 18.000
Head.TextWrapped = true

local Stop = Instance.new("TextButton")
Stop.Font = Enum.Font.Gotham
Stop.Text = "Stop"
Stop.TextColor3 = Color3.new(1, 1, 1)
Stop.TextSize = 13
Stop.BackgroundColor3 = Color3.new(0.109804, 0.109804, 0.109804)
Stop.BorderColor3 = Color3.new(0, 0, 0)
Stop.BorderSizePixel = 0
Stop.Position = UDim2.new(0.698026201, 0, 0.653179996, 0)
Stop.Size = UDim2.new(0, 85, 0, 35)
Stop.Visible = true
Stop.Name = "GetKey"
Stop.Parent = Frame
Stop.MouseButton1Click:Connect(function()
    _G.FarmChestHop = false
    _G.FarmChest = false
    delfolder("Raito Hub Fluent") 
    delfolder("FluentSettings") 
end)

local stopStroke = Instance.new("UIStroke")
stopStroke.Name = "UIStroke"
stopStroke.Parent = Stop
stopStroke.ApplyStrokeMode = Enum.ApplyStrokeMode.Border
stopStroke.Color = Color3.fromRGB(225,225,225)
stopStroke.LineJoinMode = Enum.LineJoinMode.Round
stopStroke.Thickness = 0.6
stopStroke.Transparency = 0.9
stopStroke.Enabled = true
stopStroke.Archivable = true

local uicorner_5 = Instance.new("UICorner")
uicorner_5.CornerRadius = UDim.new(0, 4)
uicorner_5.Parent = Stop

Status.Name = "Status"
Status.Parent = Frame
Status.BackgroundColor3 = Color3.fromRGB(162, 210, 255)
Status.BackgroundTransparency = 1.000
Status.Position = UDim2.new(0.576026201, 0, 0.385179996, 0)
Status.Size = UDim2.new(0, 197, 0, 50)
Status.Font = Enum.Font.Gotham
Status.Text = "$100,000,000"
Status.TextColor3 = Color3.fromRGB(102, 255, 0)
Status.TextSize = 18.000
Status.TextWrapped = true
spawn(function()
    while task.wait() do
    pcall(function()
    Status.Text = "$"..game:GetService("Players").LocalPlayer.Data.Beli.Value
    end)
    end
end)

Frame_2.Name = "|"
Frame_2.Parent = Frame
Frame_2.BackgroundColor3 = Color3.fromRGB(25, 25, 25)
Frame_2.BorderSizePixel = 0
Frame_2.Position = UDim2.new(0, 0, 0.191709891, 0)
Frame_2.Size = UDim2.new(0, 448, 0, 1)

Frame_3.Name = "|"
Frame_3.Parent = Frame
Frame_3.BackgroundColor3 = Color3.fromRGB(25, 25, 25)
Frame_3.BorderSizePixel = 0
Frame_3.Position = UDim2.new(0.589986682, 0, 0.196890816, 0)
Frame_3.Size = UDim2.new(0, -1, 0, 182)

Discord.Name = "Discord"
Discord.Parent = Frame
Discord.BackgroundColor3 = Color3.fromRGB(162, 210, 255)
Discord.BackgroundTransparency = 1.000
Discord.Position = UDim2.new(0.568797171, 0, 0.703619003, 0)
Discord.Size = UDim2.new(0, 204, 0, 68)
Discord.Font = Enum.Font.Gotham
Discord.Text = "discord.gg/raitohub"
Discord.TextColor3 = Color3.fromRGB(108, 108, 108)
Discord.TextSize = 11.000
Discord.TextWrapped = true

UserImage.Name = "UserImage"
UserImage.Parent = Frame
UserImage.BackgroundColor3 = Color3.fromRGB(146, 253, 255)
UserImage.BackgroundTransparency = 1.000
UserImage.BorderSizePixel = 0
UserImage.Position = UDim2.new(0.0289156623, 0, 0.248704657, 0)
UserImage.Size = UDim2.new(0, 64, 0, 56)
UserImage.Image = "https://www.roblox.com/headshot-thumbnail/image?userId="..game.Players.LocalPlayer.UserId.."&width=420&height=420&format=png"
local UserImageCorner = Instance.new("UICorner")
UserImageCorner.CornerRadius = UDim.new(0, 100)
UserImageCorner.Name = "UserImageCorner"
UserImageCorner.Parent = UserImage
UICorner_2.Parent = UserImage

Username.Name = "Username"
Username.Parent = Frame
Username.BackgroundColor3 = Color3.fromRGB(162, 210, 255)
Username.BackgroundTransparency = 1.000
Username.Position = UDim2.new(0.102826737, 0, 0.243523315, 0)
Username.Size = UDim2.new(0, 189, 0, 56)
Username.Font = Enum.Font.Gotham
Username.Text = "@"..game.Players.LocalPlayer.Name
Username.TextColor3 = Color3.fromRGB(214, 214, 214)
Username.TextSize = 18.000
Username.TextWrapped = true

Time.Name = "Time"
Time.Parent = Frame
Time.BackgroundColor3 = Color3.fromRGB(162, 210, 255)
Time.BackgroundTransparency = 1.000
Time.Position = UDim2.new(-0.0321129486, 0, 0.538860083, 0)
Time.Size = UDim2.new(0, 271, 0, 49)
Time.Font = Enum.Font.Gotham
Time.Text = "Hr(s) : 1  Min(s) : 1  Sec(s) : 15"
Time.TextColor3 = Color3.fromRGB(214, 214, 214)
Time.TextSize = 15.000
Time.TextWrapped = true
function UpdateTime()
    local GameTime = math.floor(workspace.DistributedGameTime+0.5)
    local Hour = math.floor(GameTime/(60^2))%24
    local Minute = math.floor(GameTime/(60^1))%60
    local Second = math.floor(GameTime/(60^0))%60
    Time.Text = "Hr(s) : "..Hour.." Min(s) : "..Minute.." Sec(s) : "..Second
  end
          
  spawn(function()
  while task.wait() do
  pcall(function()
  UpdateTime()
  end)
  end
  end)

Ping.Name = "Ping"
Ping.Parent = Frame
Ping.BackgroundColor3 = Color3.fromRGB(162, 210, 255)
Ping.BackgroundTransparency = 1.000
Ping.Position = UDim2.new(0.0289156623, 0, 0.703619003, 0)
Ping.Size = UDim2.new(0, 232, 0, 50)
Ping.Font = Enum.Font.Gotham
Ping.Text = "Fps : 60 Ping : 201.691 (80%CV)"
Ping.TextColor3 = Color3.fromRGB(214, 214, 214)
Ping.TextSize = 14.000
Ping.TextWrapped = true
spawn(function()
    while task.wait() do
    pcall(function()
    Ping.Text = "Fps : "..workspace:GetRealPhysicsFPS().." Ping : "..game:GetService("Stats").Network.ServerStatsItem["Data Ping"]:GetValueString()
    end)
    end
end)

BELI.Name = "BELI"
BELI.Parent = Frame
BELI.BackgroundColor3 = Color3.fromRGB(162, 210, 255)
BELI.BackgroundTransparency = 1.000
BELI.Position = UDim2.new(0.55990833, 0, 0.431259096, 0)
BELI.Size = UDim2.new(0, 208, 0, 73)
BELI.Font = Enum.Font.Gotham
BELI.Text = "BELI"
BELI.TextColor3 = Color3.fromRGB(79, 79, 79)
BELI.TextSize = 18.000
BELI.TextWrapped = true

TextStatus.Name = "TextStatus"
TextStatus.Parent = Frame
TextStatus.BackgroundColor3 = Color3.fromRGB(162, 210, 255)
TextStatus.BackgroundTransparency = 1.000
TextStatus.Position = UDim2.new(0.571581781, 0, 0.186942086, 0)
TextStatus.Size = UDim2.new(0, 197, 0, 50)
TextStatus.Font = Enum.Font.Gotham
TextStatus.Text = "STATUS"
TextStatus.TextColor3 = Color3.fromRGB(35, 35, 35)
TextStatus.TextSize = 18.000
TextStatus.TextWrapped = true

_G.FarmChestHop = true
_G.FarmChest = true
loadstring(game:HttpGet("https://raw.githubusercontent.com/SaltyHB/Poggers/main/FarmChest"))()
spawn(function()
    pcall(function()
        while wait(5) do
            if _G.FarmChest then
            if not game.Players.LocalPlayer.Backpack:FindFirstChild("God's Chalice") and not game.Players.LocalPlayer.Character:FindFirstChild("God's Chalice") then
            game.Players.LocalPlayer.Character.Head:Destroy()
            wait(5)
            end
            end 
        end
    end)
end)

    local url = ChestWebhook
    local data = {
        ["username"] = 'Raito Hub', -- Webhook name here
        ['content'] = '',
        ["avatar_url"] = "https://cdn.discordapp.com/icons/1092853395947278478/5b4f2be2034be3322dd40d1d9b0a802f.png",
        ["embeds"] = {
            {
                ["description"] = "**Information Webhook**",
                ["color"] = tonumber(5763719), -- color id		
                ["type"] = "rich",
                ["fields"] =  {
                    {
                        ["name"] = "[👥] Username - "..game.Players.LocalPlayer.DisplayName,
                        ["value"] = ''
                    },
                    {
                        ["name"] = "[💸] Beli - "..game:GetService("Players").LocalPlayer.Data.Beli.Value,
                        ["value"] = '',
                    }
                },
                ["footer"] = {
                    ["text"] = 'Chest Farm',
                },
                ["timestamp"] = DateTime.now():ToIsoDate(),
            }
        },
    }
    local newdata = game:GetService("HttpService"):JSONEncode(data)
    local headers = {["content-type"] = "application/json"}
    request = http_request or request or HttpPost or syn.request
    local abcdef = {Url = url, Body = newdata, Method = "POST", Headers = headers}
    request(abcdef)
    print("[ Raito Hub ] Chest Farm Config Loaded!")
elseif _G.Version == "Fruit Farm" then
    do
        local ui = game.CoreGui:FindFirstChild("RaitoLib")
         if ui then
             ui:Destroy()
         end
     end 
    repeat wait() until game.IsLoaded and (game.Players.LocalPlayer or game.Players.PlayerAdded:Wait()) and (game.Players.LocalPlayer.Character or game.Players.LocalPlayer.CharacterAdded:Wait())
    game.NetworkClient.ChildRemoved:Connect(function()
    game:GetService('TeleportService'):TeleportToPlaceInstance(game.PlaceId, game.JobId, game.Players.LocalPlayer)
    end)
    game:GetService("CoreGui").RobloxPromptGui.promptOverlay.ChildAdded:Connect(function(child)
    if child.Name == 'ErrorPrompt' and child:FindFirstChild('MessageArea') and child.MessageArea:FindFirstChild("ErrorFrame") then
    game:GetService("TeleportService"):Teleport(game.PlaceId)
    end
    end)
    if Ran then
        return
    else
        getgenv().Ran = true
    end
    
-- SELECT TEAM
if _G.Team == nil then
	_G.Team = "Marines"
end
local function SelectTeam()
    local ChooseTeam = game:GetService("Players").LocalPlayer.PlayerGui:FindFirstChild("ChooseTeam", true)
    local UIController = game:GetService("Players").LocalPlayer.PlayerGui:FindFirstChild("UIController", true)

    if UIController and ChooseTeam then
        for i, v in pairs(getgc()) do
            if type(v) == "function" and getfenv(v).script == UIController then
                local constant = getconstants(v)
                if constant[1] == _G.Team and #constant == 1 then
                    v(_G.Team)
                end
            end
        end
    end
end
repeat
    task.wait()
    if not game.Players.LocalPlayer.PlayerGui.Main:FindFirstChild("ChooseTeam") then
        break
    end

    local success, errorMessage = pcall(SelectTeam)
    if not success then
        warn("Select Team Function Error: " .. errorMessage)
    end

    wait(1)
until game.Players.LocalPlayer.Team ~= nil and game:IsLoaded()
-- SELECT TEAM
    wait(1)
    -- UI LIBRARY
    _G.Send = true
    AutoStore = true
    local ScreenGui = Instance.new("ScreenGui")
    local Frame = Instance.new("Frame")
    local Head = Instance.new("TextLabel")
    local Status = Instance.new("TextLabel")
    local Frame_2 = Instance.new("Frame")
    local Frame_3 = Instance.new("Frame")
    local Discord = Instance.new("TextLabel")
    local UserImage = Instance.new("ImageLabel")
    local Username = Instance.new("TextLabel")
    local Time = Instance.new("TextLabel")
    local Ping = Instance.new("TextLabel")
     
    ScreenGui.Parent = game.CoreGui
    ScreenGui.ZIndexBehavior = Enum.ZIndexBehavior.Sibling
    
    Frame.Parent = ScreenGui
    Frame.AnchorPoint = Vector2.new(0.5, 0.5)
    Frame.BackgroundColor3 = Color3.new(0.0588235, 0.0588235, 0.0588235)
    Frame.Position = UDim2.new(0.5, 0, 0.5, 0)
    Frame.Size = UDim2.new(0, 415, 0, 193)
    local FrameCorner = Instance.new("UICorner")
    FrameCorner.CornerRadius = UDim.new(0, 8)
    FrameCorner.Name = "UserImageCorner"
    FrameCorner.Parent = Frame
    local FrameStroke = Instance.new("UIStroke")
    FrameStroke.Name = "UIStroke"
    FrameStroke.Parent = Frame
    FrameStroke.ApplyStrokeMode = Enum.ApplyStrokeMode.Border
    FrameStroke.Color = Color3.fromRGB(225,225,225)
    FrameStroke.LineJoinMode = Enum.LineJoinMode.Round
    FrameStroke.Thickness = 0.7
    FrameStroke.Transparency = 0.5
    FrameStroke.Enabled = true
    FrameStroke.Archivable = true
    
    Head.Name = "Head"
    Head.Parent = Frame
    Head.BackgroundColor3 = Color3.new(0.635294, 0.823529, 1)
    Head.BackgroundTransparency = 1
    Head.Position = UDim2.new(0.257043749, 0, 0, 0)
    Head.Size = UDim2.new(0, 200, 0, 37)
    Head.Font = Enum.Font.Gotham
    Head.Text = "Raito Hub Fruit Farm"
    Head.TextColor3 = Color3.new(0.839216, 0.839216, 0.839216)
    Head.TextSize = 18
    Head.TextWrapped = true
    
    Status.Name = "Status"
    Status.Parent = Frame
    Status.BackgroundColor3 = Color3.new(0.635294, 0.823529, 1)
    Status.BackgroundTransparency = 1
    Status.Position = UDim2.new(0.558248401, 0, 0.366831422, 0)
    Status.Size = UDim2.new(0, 197, 0, 50)
    Status.Font = Enum.Font.Gotham
    Status.Text = "Waiting.."
    Status.TextColor3 = Color3.new(162, 210, 255)
    Status.TextSize = 16
    Status.TextWrapped = true
    
    Frame_2.Name = "|"
    Frame_2.Parent = Frame
    Frame_2.BackgroundColor3 = Color3.new(0.0980392, 0.0980392, 0.0980392)
    Frame_2.BorderSizePixel = 0
    Frame_2.Position = UDim2.new(0, 0, 0.191709846, 0)
    Frame_2.Size = UDim2.new(0, 415, 0, 1)
    
    Frame_3.Name = "|"
    Frame_3.Parent = Frame
    Frame_3.BackgroundColor3 = Color3.new(0.0980392, 0.0980392, 0.0980392)
    Frame_3.BorderSizePixel = 0
    Frame_3.Position = UDim2.new(0.585542202, 0, 0.196891189, 0)
    Frame_3.Size = UDim2.new(0, 1, 0, 155)
    
    Discord.Name = "Discord"
    Discord.Parent = Frame
    Discord.BackgroundColor3 = Color3.new(0.635294, 0.823529, 1)
    Discord.BackgroundTransparency = 1
    Discord.Position = UDim2.new(0.55101949, 0, 0.703619003, 0)
    Discord.Size = UDim2.new(0, 204, 0, 68)
    Discord.Font = Enum.Font.Gotham
    Discord.Text = "discord.gg/raitohub"
    Discord.TextColor3 = Color3.new(0.839216, 0.839216, 0.839216)
    Discord.TextSize = 11
    Discord.TextWrapped = true
    
    UserImage.Name = "UserImage"
    UserImage.Parent = Frame
    UserImage.BackgroundColor3 = Color3.new(0.572549, 0.992157, 1)
    UserImage.BackgroundTransparency = 1
    UserImage.BorderSizePixel = 0
    UserImage.Position = UDim2.new(0.0289156623, 0, 0.248704657, 0)
    UserImage.Size = UDim2.new(0, 64, 0, 56)
    UserImage.Image = "https://www.roblox.com/headshot-thumbnail/image?userId="..game.Players.LocalPlayer.UserId.."&width=420&height=420&format=png"
    local UserImageCorner = Instance.new("UICorner")
    UserImageCorner.CornerRadius = UDim.new(0, 100)
    UserImageCorner.Name = "UserImageCorner"
    UserImageCorner.Parent = UserImage
    
    Username.Name = "Username"
    Username.Parent = Frame
    Username.BackgroundColor3 = Color3.new(0.635294, 0.823529, 1)
    Username.BackgroundTransparency = 1
    Username.Position = UDim2.new(0.102826737, 0, 0.243523315, 0)
    Username.Size = UDim2.new(0, 189, 0, 56)
    Username.Font = Enum.Font.Gotham
    Username.Text = "@"..game.Players.LocalPlayer.Name
    Username.TextColor3 = Color3.new(0.839216, 0.839216, 0.839216)
    Username.TextSize = 18
    Username.TextWrapped = true
    
    Time.Name = "Time"
    Time.Parent = Frame
    Time.BackgroundColor3 = Color3.new(0.635294, 0.823529, 1)
    Time.BackgroundTransparency = 1
    Time.Position = UDim2.new(-0.032, 0,0.539, 0)
    Time.Size = UDim2.new(0, 271,0, 49)
    Time.Font = Enum.Font.Gotham
    Time.Text = "Hr(s) :  Min(s) :  Sec(s) : "
    Time.TextColor3 = Color3.new(0.839216, 0.839216, 0.839216)
    Time.TextSize = 15
    Time.TextWrapped = true
    function UpdateTime()
      local GameTime = math.floor(workspace.DistributedGameTime+0.5)
      local Hour = math.floor(GameTime/(60^2))%24
      local Minute = math.floor(GameTime/(60^1))%60
      local Second = math.floor(GameTime/(60^0))%60
      Time.Text = "Hr(s) : "..Hour.." Min(s) : "..Minute.." Sec(s) : "..Second
    end

    local Stop = Instance.new("TextButton")
Stop.Font = Enum.Font.Gotham
Stop.Text = "Stop"
Stop.TextColor3 = Color3.new(1, 1, 1)
Stop.TextSize = 13
Stop.BackgroundColor3 = Color3.new(0.109804, 0.109804, 0.109804)
Stop.BorderColor3 = Color3.new(0, 0, 0)
Stop.BorderSizePixel = 0
Stop.Position = UDim2.new(0.698026201, 0, 0.603179996, 0)
Stop.Size = UDim2.new(0, 85, 0, 35)
Stop.Visible = true
Stop.Name = "GetKey"
Stop.Parent = Frame
Stop.MouseButton1Click:Connect(function()
    delfolder("Raito Hub Fluent") 
    delfolder("FluentSettings")  
end)

local stopStroke = Instance.new("UIStroke")
stopStroke.Name = "UIStroke"
stopStroke.Parent = Stop
stopStroke.ApplyStrokeMode = Enum.ApplyStrokeMode.Border
stopStroke.Color = Color3.fromRGB(225,225,225)
stopStroke.LineJoinMode = Enum.LineJoinMode.Round
stopStroke.Thickness = 0.6
stopStroke.Transparency = 0.9
stopStroke.Enabled = true
stopStroke.Archivable = true

local uicorner_5 = Instance.new("UICorner")
uicorner_5.CornerRadius = UDim.new(0, 4)
uicorner_5.Parent = Stop
            
    spawn(function()
    while task.wait() do
    pcall(function()
    UpdateTime()
    end)
    end
    end)
            
    Ping.Name = "Ping"
    Ping.Parent = Frame
    Ping.BackgroundColor3 = Color3.new(0.635294, 0.823529, 1)
    Ping.BackgroundTransparency = 1
    Ping.Position = UDim2.new(0.029, 0,0.704, 0)
    Ping.Size = UDim2.new(0, 232,0, 50)
    Ping.Font = Enum.Font.Gotham
    Ping.Text = "Fps And Ping"
    Ping.TextColor3 = Color3.new(0.839216, 0.839216, 0.839216)
    Ping.TextSize = 14
    Ping.TextWrapped = true
    spawn(function()
    while task.wait() do
    pcall(function()
    Ping.Text = "Fps : "..workspace:GetRealPhysicsFPS().." Ping : "..game:GetService("Stats").Network.ServerStatsItem["Data Ping"]:GetValueString()
    end)
    end
    end)
    -- SCRIPT
    _G.SendCheck = false
    if TeleportSafe then
    game:GetService("ReplicatedStorage").Remotes.CommF_:InvokeServer("requestEntrance",Vector3.new(-12550.5518, 337.194061, -7509.89062, 0.999955118, -3.64926735e-11, 0.00947228167, 3.65680507e-11, 1, -7.78468262e-12, -0.00947228167, 8.13071572e-12, 0.999955118))
    Status.Text = "Teleported Safezone!"
    end
    spawn(function()
    while task.wait() do
    if AutoStore then
    pcall(function()
    local plr = game.Players.LocalPlayer
    local chr = plr.Character
    local fruit = chr:FindFirstChildOfClass("Tool") and chr:FindFirstChildOfClass("Tool").Name:find("Fruit") and chr:FindFirstChildOfClass("Tool") or (function()
    for _,fr in plr.Backpack:GetChildren() do
    if fr.Name:find("Fruit") then
    _G.Store = true
    return fr
    else
    _G.Store = false
    end
    end
    end)()
    if _G.Store then
    game:GetService("ReplicatedStorage").Remotes.CommF_:InvokeServer("StoreFruit", fruit:GetAttribute("OriginalName"), fruit)
    if _G.Send == true then
    local datas = {
    ["content"] = "",
    ["embeds"] = {{
    ["title"] = "You Got This Fruit!",
    ["description"] = "```- "..fruit:GetAttribute("OriginalName").."```",
    ["type"] = "rich",
    ["color"] = tonumber(5763719)}}}
    local newdatas = game:GetService("HttpService"):JSONEncode(datas)
    local headers = {["content-type"] = "application/json"}
    local requests = http_request or request or HttpPost or syn.request
    local abcdefs = {Url = Webhook, Body = newdatas, Method = "POST", Headers = headers}
    requests(abcdefs)
    else
    if _G.SendCheck == false then
    local datas = {
    ["content"] = "",
    ["embeds"] = {{
    ["title"] = "Storage Failed!",
    ["description"] = "```- Maximum Capacity```",
    ["type"] = "rich",
    ["color"] = tonumber(5763719)}}}
    local newdatas = game:GetService("HttpService"):JSONEncode(datas)
    local headers = {["content-type"] = "application/json"}
    local requests = http_request or request or HttpPost or syn.request
    local abcdefs = {Url = Webhook, Body = newdatas, Method = "POST", Headers = headers}
    requests(abcdefs)
    _G.SendCheck = true 
    end
    end
    end
    end)
    end
    end
    end)
    
    function UnEquipWeapon(Weapon)
    if game.Players.LocalPlayer.Character:FindFirstChild(Weapon) then
    _G.NotAutoEquip = true
    wait(.5)
    game.Players.LocalPlayer.Character:FindFirstChild(Weapon).Parent = game.Players.LocalPlayer.Backpack
    wait(.1)
    _G.NotAutoEquip = false
    end
    end
    spawn(function()
    pcall(function()
    while wait(.1) do
    for i,v in pairs(game:GetService("Workspace").Characters[game.Players.LocalPlayer.Name]:GetChildren()) do
    if string.find(v.Name, "Fruit") then
    UnEquipWeapon(v.Name)
    end
    end 
    end
    end)
    end)
    
                spawn(function()
                    game:GetService("RunService").RenderStepped:Connect(function()
                        pcall(function()
                            if AutoStore then
                                for i,v in pairs(game:GetService("Players").LocalPlayer.PlayerGui.Notifications:GetChildren()) do
                                    if v.Name == "NotificationTemplate" then
                                        if string.find(v.Text,"You can only store 4 of each fruit.") or string.find(v.Text,"You can only store 1 of each fruit.") or string.find(v.Text,"You can only store 2 of each fruit.") or string.find(v.Text,"You can only store 3 of each fruit.") or string.find(v.Text,"You can only store 5 of each fruit.") or string.find(v.Text,"You can only store 6 of each fruit.") or string.find(v.Text,"You can only store 7 of each fruit.") or string.find(v.Text,"You can only store 8 of each fruit.") or string.find(v.Text,"You can only store 9 of each fruit.") or string.find(v.Text,"You can only store 10 of each fruit.") then
                                            v:Destroy()
                                            _G.Send = false
                                        end
                                    end
                                end
                            end
                        end)
                    end)
                end)
    
    local plr = game.Players.LocalPlayer
    local chr = plr.Character
    local fruit = chr:FindFirstChildOfClass("Tool") and chr:FindFirstChildOfClass("Tool").Name:find("Fruit") and chr:FindFirstChildOfClass("Tool") or (function()
    for _,fr in plr.Backpack:GetChildren() do
    if fr.Name:find("Fruit") then
    _G.Store = true
    return fr
    else
    _G.Store = false
    end
    end
    end)()
    if _G.Store then
    game:GetService("ReplicatedStorage").Remotes.CommF_:InvokeServer("StoreFruit", fruit:GetAttribute("OriginalName"), fruit)
    end
    
    game:GetService("ReplicatedStorage").Remotes.CommF_:InvokeServer("Cousin","Buy")
    
    local plr = game.Players.LocalPlayer
    local chr = plr.Character
    local t = game.TweenService
    local bv = Instance.new("BodyVelocity")
    bv.MaxForce = Vector3.new(1/0, 1/0, 1/0)
    bv.Velocity = Vector3.new()
    bv.Name = "bV"
    local bav = Instance.new("BodyAngularVelocity")
    bav.AngularVelocity = Vector3.new()
    bav.MaxTorque = Vector3.new(1/0, 1/0, 1/0)
    bav.Name = "bAV"
    for _,v in next, workspace:GetChildren() do
        if v.Name:find("Fruit") and (v:IsA("Tool") or v:IsA("Model")) then
            Status.Text = "Founded A Fruit Teleporting.."
            repeat
                local anc1 = bv:Clone()
                anc1.Parent = chr.HumanoidRootPart
                local anc2 = bav:Clone()
                anc2.Parent = chr.HumanoidRootPart
                local p = t:Create(chr.HumanoidRootPart, TweenInfo.new((plr:DistanceFromCharacter(v.Handle.Position)-100)/320, Enum.EasingStyle.Linear), {CFrame=v.Handle.CFrame + Vector3.new(0, 10, 0)})
                p:Play()
                p.Completed:Wait()
                chr.HumanoidRootPart.CFrame = v.Handle.CFrame
                anc1:Destroy()
                anc2:Destroy()
                wait(1)
            until v.Parent ~= workspace
        end
    end
    
    Status.Text = "Changing Server.."
    local currentJobId = game.JobId
    repeat
    task.spawn(pcall, function()
    repeat wait() until game:IsLoaded()
    wait(ServerHopTimer)
    local PlaceID = game.PlaceId
    local AllIDs = {}
    local foundAnything = ""
    local actualHour = os.date("!*t").hour
    local Deleted = false
    function TPReturner()
       local Site;
       if foundAnything == "" then
           Site = game.HttpService:JSONDecode(game:HttpGetAsync('https://games.roblox.com/v1/games/' .. PlaceID .. '/servers/Public?sortOrder=Asc&limit=100'))
       else
           Site = game.HttpService:JSONDecode(game:HttpGetAsync('https://games.roblox.com/v1/games/' .. PlaceID .. '/servers/Public?sortOrder=Asc&limit=100&cursor=' .. foundAnything))
       end
       local ID = ""
       if Site.nextPageCursor and Site.nextPageCursor ~= "null" and Site.nextPageCursor ~= nil then
           foundAnything = Site.nextPageCursor
       end
       local num = 0;
       for i,v in pairs(Site.data) do
           local Possible = true
           ID = tostring(v.id)
           if tonumber(v.maxPlayers) > tonumber(v.playing) then
               for _,Existing in pairs(AllIDs) do
                   if num ~= 0 then
                       if ID == tostring(Existing) then
                           Possible = false
                       end
                   else
                       if tonumber(actualHour) ~= tonumber(Existing) then
                           local delFile = pcall(function()
                               delfile("NotSameServers.json")
                               AllIDs = {}
                               table.insert(AllIDs, actualHour)
                           end)
                       end
                   end
                   num = num + 1
               end
               if Possible == true then
                   table.insert(AllIDs, ID)
                   wait()
                   pcall(function()
                       writefile("NotSameServers.json", game:GetService('HttpService'):JSONEncode(AllIDs))
                       wait()
                       game:GetService("TeleportService"):TeleportToPlaceInstance(PlaceID, ID, game.Players.LocalPlayer)
                   end)
                   wait(4)
               end
           end
       end
    end
    
    function Teleport()
       while wait() do
           pcall(function()
               TPReturner()
               if foundAnything ~= "" then
                   TPReturner()
               end
           end)
       end
    end
    
    Teleport()
        end)
        wait(2)
    until game.JobId ~= currentJobId
else
-- SCRIPTS
wait(1)
                
if not game:IsLoaded() then repeat game.Loaded:Wait() until game:IsLoaded() end

local Fluent = loadstring(game:HttpGetAsync("https://github.com/dawid-scripts/Fluent/releases/latest/download/main.lua"))()
local SaveManager = loadstring(game:HttpGetAsync("https://raw.githubusercontent.com/SaltyHB/Poggers/main/SaveManagerr"))()
local InterfaceManager = loadstring(game:HttpGetAsync("https://raw.githubusercontent.com/SaltyHB/Poggers/main/Interface"))()
Fluent:Notify({
    Title = "Raito Hub",
    Content = "The script is loading.",
    Duration = 7
})
-- SELECT TEAM
if _G.Team == nil then
	_G.Team = "Pirates"
end
local function SelectTeam()
    local ChooseTeam = game:GetService("Players").LocalPlayer.PlayerGui:FindFirstChild("ChooseTeam", true)
    local UIController = game:GetService("Players").LocalPlayer.PlayerGui:FindFirstChild("UIController", true)

    if UIController and ChooseTeam then
        for i, v in pairs(getgc()) do
            if type(v) == "function" and getfenv(v).script == UIController then
                local constant = getconstants(v)
                if constant[1] == _G.Team and #constant == 1 then
                    v(_G.Team)
                end
            end
        end
    end
end
repeat
    task.wait()
    if not game.Players.LocalPlayer.PlayerGui.Main:FindFirstChild("ChooseTeam") then
        break
    end

    local success, errorMessage = pcall(SelectTeam)
    if not success then
        warn("Select Team Function Error: " .. errorMessage)
    end

    wait(1)
until game.Players.LocalPlayer.Team ~= nil and game:IsLoaded()
-- SELECT TEAM
if game.PlaceId == 2753915549 or game.PlaceId == 4442272183 or game.PlaceId == 7449423635 then
    _G.Color = Color3.fromRGB(0,0,0)
    if not game:IsLoaded() then repeat game.Loaded:Wait() until game:IsLoaded() end
    
    repeat wait() until game:GetService("Players")
    
    if not game:GetService("Players").LocalPlayer.Character:FindFirstChild("HumanoidRootPart") then repeat wait() until game:GetService("Players").LocalPlayer.Character:FindFirstChild("HumanoidRootPart") end
        
    wait(1)
 --------------------------------------------------------------------
        if game.PlaceId == 2753915549 then
            World1 = true
        elseif game.PlaceId == 4442272183 then
            World2 = true
        elseif game.PlaceId == 7449423635 then
            World3 = true
        end
        
function CheckQuest() 
    local MyLevel = game.Players.LocalPlayer.Data.Level.Value
    if World1 then
        if MyLevel == 1 or MyLevel <= 9 or _G.SelectMob == "Bandit [Lv. 5]" then -- Bandit
        Mon = "Bandit"
            NameQuest = "BanditQuest1"
            LevelQuest = 1
            NameMon = "Bandit"
            CFrameQuest = CFrame.new(1061.66699, 16.5166187, 1544.52905, -0.942978859, -3.33851502e-09, 0.332852632, 7.04340497e-09, 1, 2.99841325e-08, -0.332852632, 3.06188177e-08, -0.942978859)
            CFrameMon = CFrame.new(1199.31287, 52.2717781, 1536.91516, -0.929782331, 6.60215846e-08, -0.368109822, 3.9077392e-08, 1, 8.06501603e-08, 0.368109822, 6.06023249e-08, -0.929782331)
            LevelFarm = 1
        elseif MyLevel == 10 or MyLevel <= 14 or _G.SelectMob == "Monkey [Lv. 14]" then -- Monkey
        Mon = "Monkey"
            NameQuest = "JungleQuest"
            LevelQuest = 1
            NameMon = "Monkey"
            CFrameQuest = CFrame.new(-1604.12012, 36.8521118, 154.23732, 0.0648873374, -4.70858913e-06, -0.997892559, 1.41431883e-07, 1, -4.70933674e-06, 0.997892559, 1.64442184e-07, 0.0648873374)
            CFrameMon = CFrame.new(-1502.74609, 98.5633316, 90.6417007, 0.836947978, 0, 0.547282517, -0, 1, -0, -0.547282517, 0, 0.836947978)
            LevelFarm = 2
        elseif MyLevel == 15 or MyLevel <= 29 or _G.SelectMob == "Gorilla [Lv. 20]" then -- Gorilla
        Mon = "Gorilla"
            NameQuest = "JungleQuest"
            LevelQuest = 2
            NameMon = "Gorilla"
            CFrameQuest = CFrame.new(-1604.12012, 36.8521118, 154.23732, 0.0648873374, -4.70858913e-06, -0.997892559, 1.41431883e-07, 1, -4.70933674e-06, 0.997892559, 1.64442184e-07, 0.0648873374)
            CFrameMon = CFrame.new(-1223.52808, 6.27936459, -502.292664, 0.310949147, -5.66602516e-08, 0.950426519, -3.37275488e-08, 1, 7.06501808e-08, -0.950426519, -5.40241736e-08, 0.310949147)
            LevelFarm = 3
        elseif MyLevel == 30 or MyLevel <= 39 or _G.SelectMob == "Pirate [Lv. 35]" then -- Pirate
        Mon = "Pirate"
            NameQuest = "BuggyQuest1"
            LevelQuest = 1
            NameMon = "Pirate"
            CFrameQuest = CFrame.new(-1139.59717, 4.75205183, 3825.16211, -0.959730506, -7.5857054e-09, 0.280922383, -4.06310328e-08, 1, -1.11807175e-07, -0.280922383, -1.18718916e-07, -0.959730506)
            CFrameMon = CFrame.new(-1219.32324, 4.75205183, 3915.63452, -0.966492832, -6.91238853e-08, 0.25669381, -5.21195496e-08, 1, 7.3047012e-08, -0.25669381, 5.72206496e-08, -0.966492832)
            LevelFarm = 4
        elseif MyLevel == 40 or MyLevel <= 59 or _G.SelectMob == "Brute [Lv. 45]" then -- Brute
        Mon = "Brute"
            NameQuest = "BuggyQuest1"
            LevelQuest = 2
            NameMon = "Brute"
            CFrameQuest = CFrame.new(-1139.59717, 4.75205183, 3825.16211, -0.959730506, -7.5857054e-09, 0.280922383, -4.06310328e-08, 1, -1.11807175e-07, -0.280922383, -1.18718916e-07, -0.959730506)
            CFrameMon = CFrame.new(-1146.49646, 96.0936813, 4312.1333, -0.978175163, -1.53222057e-08, 0.207781896, -3.33316912e-08, 1, -8.31738873e-08, -0.207781896, -8.82843523e-08, -0.978175163)
            LevelFarm = 5
        elseif MyLevel == 60 or MyLevel <= 74 or _G.SelectMob == "Desert Bandit [Lv. 60]" then -- Desert Bandit
        Mon = "Desert Bandit"
            NameQuest = "DesertQuest"
            LevelQuest = 1
            NameMon = "Desert Bandit"
            CFrameQuest = CFrame.new(897.031128, 6.43846416, 4388.97168, -0.804044724, 3.68233266e-08, 0.594568789, 6.97835176e-08, 1, 3.24365246e-08, -0.594568789, 6.75715199e-08, -0.804044724)
            CFrameMon = CFrame.new(932.788818, 6.4503746, 4488.24609, -0.998625934, 3.08948351e-08, 0.0524050146, 2.79967303e-08, 1, -5.60361286e-08, -0.0524050146, -5.44919629e-08, -0.998625934)
            LevelFarm = 6
        elseif MyLevel == 75 or MyLevel <= 89 or _G.SelectMob == "Desert Officer [Lv. 70]" then -- Desert Officre
        Mon = "Desert Officer"
            NameQuest = "DesertQuest"
            LevelQuest = 2
            NameMon = "Desert Officer"
            CFrameQuest = CFrame.new(897.031128, 6.43846416, 4388.97168, -0.804044724, 3.68233266e-08, 0.594568789, 6.97835176e-08, 1, 3.24365246e-08, -0.594568789, 6.75715199e-08, -0.804044724)
            CFrameMon = CFrame.new(1580.03198, 4.61375761, 4366.86426, 0.135744005, -6.44280718e-08, -0.990743816, 4.35738308e-08, 1, -5.90598574e-08, 0.990743816, -3.51534837e-08, 0.135744005)
            LevelFarm = 7
        elseif MyLevel == 90 or MyLevel <= 99 or _G.SelectMob == "Snow Bandit [Lv. 90]" then -- Snow Bandits
        Mon = "Snow Bandit"
            NameQuest = "SnowQuest"
            LevelQuest = 1
            NameMon = "Snow Bandits"
            CFrameQuest = CFrame.new(1384.14001, 87.272789, -1297.06482, 0.348555952, -2.53947841e-09, -0.937287986, 1.49860568e-08, 1, 2.86358204e-09, 0.937287986, -1.50443711e-08, 0.348555952)
            CFrameMon = CFrame.new(1370.24316, 102.403511, -1411.52905, 0.980274439, -1.12995728e-08, 0.197641045, -9.57343449e-09, 1, 1.04655214e-07, -0.197641045, -1.04482936e-07, 0.980274439)
            LevelFarm = 8
        elseif MyLevel == 100 or MyLevel <= 119 or _G.SelectMob == "Snowman [Lv. 100]"  then -- Snowman
        Mon = "Snowman"
            NameQuest = "SnowQuest"
            LevelQuest = 2
            NameMon = "Snowman"
            CFrameQuest = CFrame.new(1384.14001, 87.272789, -1297.06482, 0.348555952, -2.53947841e-09, -0.937287986, 1.49860568e-08, 1, 2.86358204e-09, 0.937287986, -1.50443711e-08, 0.348555952)
            CFrameMon = CFrame.new(1370.24316, 102.403511, -1411.52905, 0.980274439, -1.12995728e-08, 0.197641045, -9.57343449e-09, 1, 1.04655214e-07, -0.197641045, -1.04482936e-07, 0.980274439)
            LevelFarm = 9
        elseif MyLevel == 120 or MyLevel <= 149 or _G.SelectMob == "Chief Petty Officer [Lv. 120]" then -- Chief Petty Officer
        Mon = "Chief Petty Officer"
            NameQuest = "MarineQuest2"
            LevelQuest = 1
            NameMon = "Chief Petty Officer"
            CFrameQuest = CFrame.new(-5035.0835, 28.6520386, 4325.29443, 0.0243340395, -7.08064647e-08, 0.999703884, -6.36926814e-08, 1, 7.23777944e-08, -0.999703884, -6.54350671e-08, 0.0243340395)
            CFrameMon = CFrame.new(-4882.8623, 22.6520386, 4255.53516, 0.273695946, -5.40380647e-08, -0.96181643, 4.37720793e-08, 1, -4.37274998e-08, 0.96181643, -3.01326679e-08, 0.273695946)
            LevelFarm = 10
        elseif MyLevel == 150 or MyLevel <= 174 or _G.SelectMob == "Sky Bandit [Lv. 150]" then -- Sky Bandit
        Mon = "Sky Bandit"
            NameQuest = "SkyQuest"
            LevelQuest = 1
            NameMon = "Sky Bandit"
            CFrameQuest = CFrame.new(-4841.83447, 717.669617, -2623.96436, -0.875942111, 5.59710216e-08, -0.482416272, 3.04023082e-08, 1, 6.08195947e-08, 0.482416272, 3.86078725e-08, -0.875942111)
            CFrameMon = CFrame.new(-4970.74219, 294.544342, -2890.11353, -0.994874597, -8.61311236e-08, -0.101116329, -9.10836206e-08, 1, 4.43614923e-08, 0.101116329, 5.33441664e-08, -0.994874597)
            LevelFarm = 11
        elseif MyLevel == 175 or MyLevel <= 189 or _G.SelectMob == "Dark Master [Lv. 175]" then -- Dark Master
        Mon = "Dark Master"
            NameQuest = "SkyQuest"
            LevelQuest = 2
            NameMon = "Dark Master"
            CFrameQuest = CFrame.new(-4841.83447, 717.669617, -2623.96436, -0.875942111, 5.59710216e-08, -0.482416272, 3.04023082e-08, 1, 6.08195947e-08, 0.482416272, 3.86078725e-08, -0.875942111)
            CFrameMon = CFrame.new(-5220.58594, 430.693298, -2278.17456, -0.925375521, 1.12086873e-08, 0.379051805, -1.05115507e-08, 1, -5.52320891e-08, -0.379051805, -5.50948407e-08, -0.925375521)
            LevelFarm = 12
        elseif MyLevel == 190 or MyLevel <= 209 or _G.SelectMob == "Prisoner [Lv. 190]" then
            Mon = "Prisoner"
            NameQuest = "PrisonerQuest"
            LevelQuest = 1
            NameMon = "Prisoner"
